4294967278,358
4294967279,547
4294967278,357
4294967279,153
4294967279,103
4294967278,356
4294967278,297
4294967279,106
4294967279,105
4294967279,104
4294967279,546
4294967279,289
4294967278,296
4294967278,295
4294967279,545
4294967278,294
4294967279,288
4294967278,355
4294967279,287
4294967279,107
4294967279,544
4294967278,144
4294967279,111
4294967279,110
4294967279,109
4294967279,108
4294967279,119
4294967279,118
4294967279,117
4294967279,116
4294967279,115
4294967279,114
4294967279,113
4294967279,112
4294967278,293
4294967279,543
4294967278,142
4294967279,141
4294967278,7
4294967278,6
4294967278,5
4294967278,4
4294967279,132
4294967279,131
4294967279,130
4294967279,129
4294967279,128
4294967279,127
4294967279,126
4294967279,125
4294967279,124
4294967279,123
4294967279,122
4294967279,121
4294967279,120
4294967278,141
4294967279,140
4294967278,140
4294967279,139
4294967278,354
4294967279,138
4294967278,138
4294967279,272
4294967278,277
4294967279,136
4294967278,30
4294967278,29
4294967278,28
4294967278,27
4294967278,26
4294967278,25
4294967278,24
4294967278,21
4294967278,20
4294967278,19
4294967278,18
4294967278,17
4294967278,16
4294967278,15
4294967278,14
4294967278,13
4294967278,12
4294967278,11
4294967278,10
4294967278,9
4294967278,8
4294967294,0
4294967278,289
4294967278,136
4294967278,353
4294967278,23
4294967294,107
4294967294,1417
4294967294,396
4294967294,395
4294967294,1031
4294967294,1032
4294967294,186
4294967294,1076
4294967294,420
4294967294,178
4294967294,179
4294967294,398
4294967294,403
4294967294,1047
4294967294,415
4294967294,414
4294967294,453
4294967294,455
4294967294,2
4294967294,91
4294967294,90
4294967294,87
4294967294,86
4294967294,85
4294967294,84
4294967294,419
4294967294,1078
4294967294,1077
4294967294,29
4294967294,1049
4294967294,28
4294967294,1048
4294967294,27
4294967294,53
4294967294,45
4294967294,427
4294967294,44
4294967279,542
4294967278,22
4294967279,268
4294967279,270
4294967279,282
4294967279,277
4294967294,96
4294967294,94
4294967279,279
24,5
24,4
4294967279,280
24,3
24,2
24,1
4294967294,9
4294967294,8
0,7
4294967278,38
4294967278,37
4294967278,36
4294967278,35
4294967278,34
4294967278,33
4294967278,32
4294967278,31
4294967279,265
4294967294,470
4294967294,1070
4294967294,1069
4294967294,1067
4294967294,1066
4294967294,1061
4294967294,1050
4294967294,436
4294967294,158
4294967294,157
4294967294,156
4294967294,155
4294967294,60
4294967278,45
4294967278,44
4294967278,43
4294967278,42
4294967278,41
4294967278,40
4294967278,39
4294967279,541
4294967279,274
4294967279,540
4294967279,539
4294967278,352
4294967279,281
4294967278,351
4294967279,538
4294967278,350
4294967279,537
4294967278,349
4294967279,536
4294967278,256
4294967279,535
4294967278,348
4294967278,347
4294967278,346
4294967278,174
4294967279,534
4294967278,50
4294967278,49
4294967278,48
4294967278,47
4294967278,46
4294967279,52
4294967279,50
4294967279,49
4294967279,48
4294967279,47
4294967279,46
4294967279,42
4294967279,41
4294967279,39
4294967279,38
4294967279,37
4294967279,36
4294967279,35
4294967279,34
4294967279,31
4294967279,29
4294967279,28
4294967279,27
4294967279,26
4294967279,25
4294967279,24
4294967279,23
4294967279,21
4294967279,19
4294967279,18
4294967279,16
4294967279,15
4294967279,13
4294967279,12
4294967279,11
4294967278,345
4294967279,533
4294967278,344
4294967278,343
4294967279,532
4294967278,342
4294967279,531
4294967278,252
4294967279,530
4294967278,251
4294967294,93
4294967294,95
4294967294,50
4294967294,424
4294967294,180
4294967294,189
4294967294,384
4294967294,190
4294967294,30
4294967294,164
4294967294,163
4294967294,46
4294967294,36
4294967294,115
4294967294,387
4294967294,388
4294967294,165
4294967294,113
4294967294,167
4294967294,177
4294967294,92
4294967294,88
4294967278,248
4294967278,246
4294967278,244
4294967294,81
4294967278,243
4294967294,11
4294967294,175
4294967294,183
4294967294,176
4294967294,22
4294967294,41
4294967294,120
4294967294,43
4294967294,417
4294967294,52
4294967294,1
4294967294,444
4294967294,421
4294967294,18
4294967294,127
4294967294,14
4294967294,126
4294967294,20
4294967294,13
4294967294,166
4294967294,24
4294967294,12
4294967294,104
4294967294,106
4294967294,160
4294967294,119
4294967294,168
4294967294,162
4294967294,1413
4294967294,83
4294967294,68
4294967278,241
4294967278,238
4294967278,237
4294967278,236
4294967278,234
23,8
4294967278,232
4294967278,230
23,7
23,6
4294967278,228
4294967278,226
4294967278,224
4294967278,222
4294967278,220
4294967278,218
